
Residual: 	4,00983855209086
Parameters value:
1,02081324432764
0,523229578493949
-1,08000526924597
0,266524220968472
-1,02492591356673
=============================================================


Residual: 	35,2476169633974
Parameters value:
0,880497278589987
0,287027194764012
-0,921303861737858
0,678358984030019
-0,928427873145988
=============================================================


Residual: 	45,1765991453281
Parameters value:
0,770775271472882
0,565873548186325
-0,815813595343294
0,744343041323285
-0,919983718506984
=============================================================


Residual: 	5,72588818785096
Parameters value:
15,6500464098761
8,66100279971073
2,20568438489255
0,425960282527823
1,28150008957903
4,57465563042772
4,94957514756805
9,03570424021953
12,8527519669629
=============================================================

