
Last value
Residual: 	89,5990108032943


Parameters value:

0,626392881212008

0,423236736759188

-0,768555085998287

0,916487091182027

-0,918771762363041



Last value
Residual: 	50,2804117515399


Parameters value:

0,953549114034301

0,456256102517366

-0,684461803959898

0,371048298371513

-0,896708358962419



Last value
Residual: 	115,777729739337


Parameters value:
0,916318061722591
0,962162727472448
-0,992484340440707
0,841075505987311
-0,936002865403892

Residual: 	0,221657997033243
Parameters value:
-0,102920280817393
-0,218731057932009

Residual: 	0,24251850450809
Parameters value:
0,880168939884831
-0,312485927861411

Residual: 	0,0592174043106974
Parameters value:
-0,417712270476722
0,280959115028827

Residual: 	0,175717046029545
Parameters value:
0,82075330699829
-0,361020639706878

Residual: 	0,0656807535331127

Parameters value:
-0,509495658571597
0,270916698626669

Residual: 	7,86601367098954
Parameters value:
9,06902051999654
6,93981133445157
0,718107851556552
1,61874526954198
0,570599125498253
0,645563197157142
2,17814898825164
9,5669611355136
11,0036892960797

Residual: 	6,14861441651581
Parameters value:
14,9779883231865
6,75555470900403
2,49599090521037
0,0015894668184171
0,407007707006767
0,262900336767966
4,60543894237161
4,3790370209045
12,3790567817069

Residual: 	5,93827855441944E-12
Parameters value:
4,57935995173219E-06
-2,77122061538931E-06
=============================================================


Residual: 	5,93827855441944E-12
Parameters value:
4,57935995173219E-06
-2,77122061538931E-06
=============================================================


Residual: 	5,93827855441944E-12
Parameters value:
4,57935995173219E-06
-2,77122061538931E-06
=============================================================



Residual: 	29,9879484557407
Parameters value:
0,742409242158103
0,453786300449109
-0,989665408786988
0,69377471547606
-0,999999523162866
=============================================================


Residual: 	27,5721287899442
Parameters value:
0,751948845868134
0,503303075829721
-0,999999523162866
0,66383115078671
-0,999999523162866
=============================================================


Residual: 	8,84048909829176E-09
Parameters value:
0,999995608465791
0,499999548162866
-0,999999523162866
0,250007190057015
-0,999999523162866
=============================================================


Residual: 	1,05885818209315E-06
Parameters value:
13,9999996243345
6,9999999827435
2,00000031017849
-0,999999493360522
4,41152480205086E-07
1,00000037566548
4,00000017920449
8,9999999517695
15,9999994933605
=============================================================


Residual: 	1,05885818209315E-06
Parameters value:
13,9999996243345
6,9999999827435
2,00000031017849
-0,999999493360522
4,41152480205086E-07
1,00000037566548
4,00000017920449
8,9999999517695
15,9999994933605
=============================================================


Residual: 	1,61326555738788E-08
Parameters value:
-0,00025217497957582
0,000134930575464726
=============================================================


Residual: 	1,61326555738788E-08
Parameters value:
-0,00025217497957582
0,000134930575464726
=============================================================


Residual: 	2,83838986616186E-07
Parameters value:
14,0000001015229
6,99999999219055
1,99999991409601
-1,0000001327607
-1,17141802916254E-07
0,999999898477106
3,99999994533382
9,00000002342837
16,0000001327607
=============================================================


Residual: 	2,83838986616186E-07
Parameters value:
14,0000001015229
6,99999999219055
1,99999991409601
-1,0000001327607
-1,17141802916254E-07
0,999999898477106
3,99999994533382
9,00000002342837
16,0000001327607
=============================================================


Residual: 	13,8296470351122
Parameters value:
0,990143797987186
0,443272519681989
-1,19354497186806
0,264821173779019
-0,999313908478016
=============================================================


Residual: 	14,5076930833191
Parameters value:
1,01695392322649
0,446834924074385
-1,19010502731416
0,285917790987589
-1,00154830646414
=============================================================


Residual: 	14,2921907686978
Parameters value:
1,04650214949154
0,519032347489683
-1,17087909160407
0,280801605838229
-1,00354303281315
=============================================================

